-2.490706882969406233e-01
-1.266906651296008324e+00
2.179148286656611422e+00
4.833838638797212095e-01
3.421094852551399002e-01
1.580054499364745846e+00
-1.716138029271905729e+00
-4.836554713876966005e+00
-2.198119568185804340e+00
-2.223836423552211228e-02
2.223140293380802213e+00
-3.137005486500192841e+00
-2.517731056133248657e+00
1.410089840549161311e+00
2.323067729614906707e+00
-4.852425764415793985e+00
-3.222140321059674406e-01
2.571158179433943758e+00
2.353742093512187328e+00
1.629648039078011257e+00
-3.503938661183925163e-01
7.925911241376286664e-01
3.440116124997157787e-05
2.233948212477802286e+00
-8.753515256169450698e-01
-1.554312408415301494e+00
4.071927232512688732e+00
-1.508092632195770777e-01
6.279566130169087490e-01
4.630033292970842318e+00
-2.233733136752017234e+00
-1.291908219091286503e+00
3.604077833677276743e+00
-9.633318549671744391e-01
-4.578496089299465943e+00
7.546969998785248990e-01
5.046427770830107740e+00
-8.368478954878646459e-01
1.882242459028580672e+00
-3.281450242720747035e+00
-1.712619664323181468e+00
3.385719807496564648e+00
-6.376734338109377731e-01
1.393736985313498877e+00
1.911187496847315259e+00
-1.052839179217277266e-01
-8.703051216587133487e-02
-1.925380140166431442e+00
-5.755995163500688960e+00
4.416945226535005098e-01
-4.204762337675288286e+00
-1.241045581467285164e+00
2.396357691571731507e+00
-3.887462863890102760e+00
-3.982439073015994868e+00
-1.990125195478871678e+00
1.072396424403800674e+00
4.964560631120185086e+00
-1.112555381537578825e-01
1.599702568451403462e+00
-1.914909456764787299e+00
-1.541305109747614033e+00
-6.765385646977370993e-01
1.816930737496964765e+00
-2.741497758374192850e-01
5.091235336581377169e+00
-2.584150517102819400e+00
2.762577299767307260e+00
-6.432643796591692720e-01
-1.082977576773076045e+00
2.910541401557082519e+00
-2.542301302806333041e+00
-1.952653477860307962e+00
-3.398059631004288761e+00
1.324766371938558507e+00
-3.989727528686726643e+00
3.991958919809075912e+00
-8.996463744338133450e-01
-3.820014880368087784e-01
-2.772151149469563869e+00
4.097340422624931477e+00
-1.188620934924451200e+00
2.124286014944756218e+00
2.972898222582882610e-01
-4.735526209019372601e+00
-1.826006784882461043e+00
-2.471633803783862826e-01
3.575838824852713316e+00
-1.380742232894919264e+00
2.538922701311943975e+00
4.603344456026447595e+00
2.951357004292123776e+00
-1.796426693058106316e+00
-9.020814885412999917e-01
3.001617757951027698e+00
1.452138123645316359e+00
1.754593643307781475e-02
-1.006427146230140179e+00
-4.399046611370282522e-01
4.913993376925676060e+00
-4.162283673421491859e-01
1.957249428991815199e+00
5.972906527018322365e+00
7.325937354682005020e-01
-1.516540713468300439e+00
9.216034197038793785e-01
-8.455837985582173033e-01
-3.223518817660612434e+00
-2.135788432366084066e+00
-3.053034617533585848e+00
1.695697388131196526e+00
4.335268862008933577e-01
5.183325009467583122e+00
-1.983420833073546108e+00
-1.656337688576811962e+00
-4.624807098064915856e-01
-4.935463417733434000e+00
1.303410723784364844e+00
-1.078371142534331861e+00
2.464586318476256643e+00
-1.260854316567619371e+00
-2.938708223237417094e+00
2.378458690863435310e-01
-2.777549539107386778e+00
-3.356402932040960962e+00
2.377728106221750792e+00
-3.473687240574604651e+00
1.862069552648359716e+00
3.012457933184120584e+00
3.876199400389729988e+00
-1.196659986706418932e+00
-4.611447570377797511e+00
2.940172747195626268e-01
1.402480962853262625e+00
3.429932489456619660e+00
3.870419202584857166e-01
1.950230931402807677e+00
-5.739939028413211242e-01
3.342978423449330938e-01
5.477905520372871040e-01
6.851325410887034728e+00
-4.162084001082147822e+00
-2.612549245938895037e+00
4.745079270099548552e+00
-2.758619474923718506e+00
2.946360854609720192e+00
-5.668018394809898330e-01
-2.076954942488162370e+00
-1.044628257253272130e+00
-7.431712530125100358e+00
-2.508283818246314079e-01
1.818554656950070569e+00
7.079159488800459421e-01
3.605662356666884172e+00
-3.680002621260158868e-01
1.677849720873609396e+00
6.413225680217784497e-01
1.089295695851378865e+00
-4.481037949783544860e+00
4.940802592193447307e-01
-2.815355968951619658e+00
3.755079744102094885e+00
-7.257609950637889940e-01
-2.702848864124645534e+00
1.241870054189623040e+00
-2.514019176624044949e+00
-9.353904977924789588e-01
-5.389885234202358433e-01
2.862733572025246698e+00
-3.403266709929276157e+00
1.015094293407472037e+00
1.453795426632616294e+00
-4.209491380557759399e-01
4.547966976782641169e+00
-1.494213438445902431e-01
-2.668155640751226354e+00
4.307435963231090459e-01
2.124913321184707549e+00
8.711337874622893107e-02
-1.790663514400129275e+00
-3.323135865427984670e-01
-4.551799134545836956e-01
-1.257510127224293006e+00
2.535273284012207196e-01
-4.978333563744123502e+00
-4.319715774995529500e-01
2.851891796028775961e+00
-5.117501470450608991e+00
-4.303713068757763160e+00
6.497692409159651072e-01
-2.742475990509901429e+00
-3.382767099606182604e-01
1.442964356615075994e-01
-3.769016845890091894e+00
-2.705236403160391045e+00
9.400416807489266890e-01
8.477979864315825509e-01
1.704260289069757572e+00
-4.978153010227347686e+00
3.399817975726748820e+00
1.414806610531998965e+00
-1.486090120843208684e+00
2.615939207464863969e+00
1.767402798572844436e+00
3.796157160840556877e+00
8.027579609071548994e-01
-2.322086316082070390e+00
3.469866031974724763e+00
3.942351264746504658e+00
-2.638681718795386377e+00
1.974356241474321871e+00
-3.077861163154313573e+00
-1.811941280707685120e+00
3.412394020704162756e+00
-7.361106204653838914e-01
-3.694811361470014432e+00
-1.195660941216494466e+00
2.862802568791853020e+00
-5.040916353355044066e+00
2.847359086909081682e+00
2.579807513169696698e+00
1.106847865809896136e+00
-1.988325195096730003e+00
4.806546542059161875e-01
1.250491070550741934e+00
-1.659588218271538462e+00
-4.388726176133175727e+00
1.349867527628278552e+00
2.133831319974473395e+00
-3.805771547277668088e+00
1.555015800565262563e+00
1.448214504270095571e+00
1.711175609585757984e+00
-7.084708644535541389e+00
-7.774264371973911736e+00
1.496461853462376590e+00
-5.461371517634089123e+00
-1.460937886596396007e+00
3.785543517823254656e-02
-2.977258561597906361e+00
1.070982623912737797e+00
-3.458463502735391604e+00
1.915138490377958469e+00
-7.019339391482730672e-01
4.609899117644194466e-01
-4.756482868574904543e+00
-2.108965554659651964e+00
4.437126630803717831e+00
5.027954889089130130e-01
1.832473556683310800e+00
2.064018718069178249e+00
6.648964154786565217e-01
5.333501817094985498e+00
-1.606457242753412284e+00
-9.549820521407835772e-01
3.588710974451492675e+00
9.075985359358895721e-01
9.680578789519866945e-01
-2.184898882728229630e+00
-3.191548340907984560e+00
-1.999752607608263899e-01
-2.653153816115537023e+00
-2.558458834914685731e+00
-2.586835880260670018e-01
-2.776318084298060818e+00
1.651036755468194617e+00
-3.376575680954979619e-01
-3.933622615632219599e+00
1.327362673072604693e+00
-6.867095368132390687e-02
-1.533097368013923489e+00
-1.198234944858319384e+00
-1.563816178650917488e+00
-3.377421867101546571e+00
1.132310459760436538e+00
6.351569276289926735e-01
5.032358758623166395e+00
-6.285477042303254658e-01
-7.643831299966219461e-01
9.788876613134494739e-03
1.878400383663990425e+00
1.689910757659265794e+00
4.303214733764805899e+00
-3.539632832565588583e+00
1.058227120758955087e+00
-2.040318025254725054e+00
9.102254233776475578e-01
-1.036808909261950129e+00
-3.892601299115093560e+00
-4.819591276206828034e+00
-2.886838057687747039e+00
1.658706747354266264e+00
-3.449204038816213735e-01
-2.041930381779152981e+00
-7.207140789918647927e-01
3.057682287549754907e+00
1.886130172772652269e+00
3.381593908809822580e+00
-2.078952486188328785e-01
-1.218020324504158758e+00
-2.854231057712837583e+00
-3.129942030123517682e+00
-2.215564601124984545e+00
-2.756876102693981423e+00
7.400735701268827960e-01
-3.408716822421634873e+00
2.853016953198465044e-01
-2.991696202041030261e+00
-2.619796886465044050e+00
2.001679006598474919e-01
-2.790078623193392726e+00
1.995365938564819253e+00
-4.928290982302821477e-01
5.957688143461584707e-01
-1.852987520191789361e+00
2.378175347417506913e+00
-1.248465451014941996e+00
-2.017141737117682965e+00
-1.072300792116212653e+00
-1.672966881678780160e+00
8.489766174491188977e-01
9.616475341788087716e-01
-1.568315737171403157e+00
2.604319496066063166e+00
-3.232128788738977132e+00
2.194699167260989459e+00
-1.103164167716225164e+00
4.213765415683734084e+00
-6.801742356741118378e+00
2.506775155896698859e+00
3.312216324327715178e+00
-1.496436390222922963e+00
-1.881879736669008762e+00
5.226829720399944756e-01
-3.793477645925762420e+00
3.744624806466783085e+00
2.227096638633339509e+00
1.697378357501159840e+00
2.675917631544318276e+00
1.771589735213072170e-01
-6.186052118423736701e+00
3.766093386749113758e+00
2.939043911792785235e-01
-2.702199083380154576e+00
-2.222574600227008368e+00
1.065401122239304055e+00
-2.123187158959953358e+00
1.566764460192120234e+00
5.862777464823307749e-01
1.757292917914281327e+00
2.472439910856712331e+00
-5.603228333765655211e-01
2.117927879163472582e+00
1.524752826918857940e+00
2.758502439434181497e+00
2.248668402076980044e+00
-4.569754088106193990e+00
-2.624118477642174874e+00
-3.794620932882474484e+00
2.470388455232068292e+00
-2.261863903241651208e+00
-2.600321996916683531e+00
-2.214031563156247662e-01
-2.541765049715272617e+00
3.185463449483694198e+00
9.814926381127018207e-01
1.276360881209362974e-01
-1.171459716689826180e+00
1.596559551491942841e+00
9.107013067098458370e-01
-1.564415918423050389e+00
-9.424789516575320381e-01
4.332425981503528201e-01
1.901804359921793086e+00
2.416828787922788102e+00
1.110362135167750175e+00
8.103618909438107920e+00
1.773743201405599601e+00
-2.208297427890077103e+00
-5.529384390977716279e+00
-4.227116412064569895e-01
-1.424347128596462619e+00
2.549013598017709548e+00
2.169509328678612903e+00
1.609234920830415749e+00
1.685801532037155548e+00
-2.088217331600959792e+00
-3.032287948662062416e-01
8.562421517738598720e-01
-4.124488704113252191e-02
3.111075822898329513e+00
-1.520086786520641553e+00
-2.005416699025236227e+00
3.455319026413865569e+00
-2.203737840316701391e+00
-1.574366330425398752e+00
6.961474054208895978e-01
-2.955206887282826322e+00
-4.170719031501487706e+00
7.757078615757108386e-02
1.376739934704835688e+00
-2.152577726743428954e+00
6.978350258563603692e-01
8.387801312280663835e-01
5.772865808299321166e+00
-1.684543608662305569e+00
2.001164334178759940e+00
-1.689909794064583970e+00
-4.315812386893249197e+00
1.393149266495636418e+00
-5.369536603699014421e+00
2.581798283897958513e+00
3.374472653610912642e-01
3.175068218939780973e+00
9.349817029593738837e-01
-4.108987030327384105e+00
2.998146948427691250e-01
-1.166171562710957454e+00
-1.855928759492304403e+00
-8.358274889428901622e-01
4.405197020916833850e+00
1.794122309449731834e+00
-2.821391850707389182e+00
2.406691280322325710e+00
6.051747800088559393e-01
-3.281600402093650004e+00
-3.464604802926354310e+00
-1.106523327527522360e+00
-3.908213141690886627e-01
-2.115962516160496243e+00
2.736253140047358035e-02
7.386464660554115103e-02
2.558511247224009466e+00
4.133919789346299778e-01
5.967269060236598532e-01
3.532929020103422246e+00
-2.675288198082837465e-01
5.500389977978599187e-01
1.262156800884493890e+00
-1.690667495887976601e+00
-4.152282526890716530e-01
3.114545386840914087e+00
3.113285156213316363e+00
8.364105907281735863e-01
-3.808903782984605524e+00
2.034232613825647906e+00
3.067620577387248915e+00
7.447224973301189710e-01
1.105731554392340943e+00
2.282406592601100126e+00
-2.410589577542132933e-01
-1.907180415856495337e+00
3.512205826239694906e-01
3.232530389699711293e+00
-2.670074012070918101e+00
-1.137650685276924811e+00
-1.976063419172440661e+00
2.035700292027456726e+00
-4.468572715191337252e+00
-1.340259662031985766e+00
-7.230668204912477082e-01
2.915925915984328931e+00
-1.750078778951867919e+00
-1.095634143109980307e+00
1.313525026890485004e+00
2.134900326060369391e+00
2.558129579219310390e+00
-7.870126276394586728e-01
-1.534605026569411335e+00
-2.005759219762427215e+00
-4.094956927577874106e-01
-3.954958397528619551e-01
4.391773794179404611e+00
4.643558379500560385e+00
5.502210264218847513e-01
1.236392841219979166e+00
3.230483879302983752e+00
6.752475027507305327e+00
-3.124385591061229039e+00
9.026949095771261700e-01
-9.112294578590686145e-01
-6.947398269507660817e-01
6.963819333427940794e-01
2.277337788064203838e+00
-1.665305594814740164e+00
-1.177066325807120561e+00
1.511507554035298462e+00
5.263502731372181609e-01
2.003855258295236530e-01
4.231053380024886401e+00
-1.323272561015020665e+00
-3.775069980663551927e+00
1.471301851729464705e+00
-1.996557998392918698e+00
1.154023678087958554e-01
-2.523355737639724761e-01
2.326882845939707845e-01
-1.375826483205243367e+00
-3.200907631206211690e+00
-6.120338969999739032e-01
5.045725426157570581e+00
-5.187999695942678846e-01
5.014900500226044500e+00
-5.534869808859971263e-01
5.066862818301959975e-02
-1.859221107505792059e+00
-2.929751448166513228e+00
-4.951783024993305915e-01
-1.333321193103689017e+00
1.932709548996345728e+00
3.864289997958690881e-01
1.389586077449465051e+00
4.168037285376717804e+00
1.289012225620097318e+00
-2.442973433675432293e+00
-2.030484741273290261e+00
-5.866172723857512317e-01
5.624738797192520012e-01
1.716106505642023272e+00
-1.173733326923498188e+00
-3.051799048221323751e+00
2.629373852386340360e+00
-2.966917208311210530e+00
1.767199552628085923e+00
2.779832528506567813e-01
2.603358198981198246e+00
-3.992013679753521060e-01
1.774749138891799083e+00
-8.988248204137130326e-01
9.558642301849877843e-01
8.876932785938540516e-01
-1.557617078453471304e+00
3.609478064669322528e+00
5.444101459858610159e-01
2.781929527207998021e+00
-9.349348865223822136e-01
-2.104703184057290954e+00
1.227822152199274791e-01
-8.827594672423155764e-02
2.233595810831030537e+00
-3.114010407775385403e+00
-8.995690022171522193e-02
-1.699832621220770390e+00
9.946957603048698360e-01
-5.183153335789464577e+00
-1.144728260961088484e+00
3.138518316843590394e+00
-3.445041267523950346e+00
3.299269125282793702e+00
-9.925455801006974887e-01
-8.960903297966642533e-01
-4.380083268833379617e-01
-1.677012787745935540e+00
-3.704612125647864795e-01
1.964633617317352643e+00
-2.439303781693017148e-01
-1.217279005400774050e+00
-4.204867824158970535e+00
-6.146500134878098986e-01
-1.129908683566765104e+00
1.048689725343805029e-01
1.712217670538935588e+00
1.535792701840532626e+00
2.507000126585069211e+00
-2.640511517155918586e+00
1.863533129240399155e+00
-4.101278556967671740e+00
3.531631819782558690e+00
7.395796997081144353e-01
-3.334697040060832673e+00
4.757625291113189547e+00
4.536454377607987420e-01
1.845957053970493089e-01
1.048478123579415833e+00
-3.399298566888777184e+00
-7.640038111793419073e-01
6.346679415450033446e+00
3.891428805731258933e+00
2.252384527786139401e+00
2.722166318179449540e+00
-2.698802429237771583e-01
3.715775699982502012e+00
-3.587044708534640858e+00
-1.805263486567919351e+00
2.632742282379869181e+00
3.588966577211684772e+00
-6.571620873222177028e-01
-3.843981770148867660e-01
-7.486807647584697856e-01
-1.633324928928525877e+00
5.185232287105384863e+00
4.670322227006259652e+00
-2.888014125057225545e+00
-2.333918982995740077e+00
-3.420747108215210108e+00
-1.506948340828917932e+00
2.967426787752026840e+00
-1.119621959068347827e+00
-5.396276244010467238e+00
-1.705716696104102037e-01
-2.481766192233178181e+00
-9.896872759360335614e-01
-4.286982795816204117e+00
2.376266419020232501e+00
-4.351412703298058737e-01
-8.384239259245339637e-01
-2.770126503427618125e+00
-7.345253317632627343e-01
6.899919371679893665e+00
-1.484794388414557353e+00
7.173268888120962750e-01
-6.943187344974817155e-01
-1.191765684651038715e+00
-2.479423358881211126e+00
-3.657680448784458166e-02
-1.405936962114312738e+00
7.192128627685515418e+00
-1.341221853250553986e+00
4.682057691895015195e-01
3.335724342427889511e+00
4.155212901533146541e-02
5.491100134196999605e+00
-3.000081684433353324e+00
1.920993377325868501e+00
2.736232964056972250e+00
2.920262586325979903e+00
-3.362352053927249784e+00
1.640052682735556600e+00
2.515892531003636190e+00
2.378731432571407289e+00
2.074698952105612726e+00
2.162060264610453642e-01
1.484620372864505100e+00
1.887986655188488516e+00
-2.065682225012230422e+00
1.948900033255096531e+00
1.524088513916540766e+00
1.156456072786456790e+00
-1.588378884073339936e+00
6.419536944551605950e-01
-6.674392131527130401e-01
-1.720895612089361482e+00
3.559301236907511101e-01
7.238075970365231981e-01
-1.064880117984396524e+00
-5.123508477171531794e+00
-3.296519469027537674e+00
1.385601712308450750e+00
-8.717677346661203974e-02
5.241965529783855438e+00
6.276151325472821840e-01
1.589408369019983613e+00
2.401171134469625379e+00
1.226665205464098296e+00
5.133235538112888019e-01
-4.689730198190422250e+00
3.096060365888364529e+00
-1.259022715243032664e+00
4.161389652131464167e+00
2.587654073028316404e+00
1.037729497146499869e+00
2.506975995148876812e+00
-6.347412684880158196e-01
1.423562558224015007e+00
-4.190686162214206867e+00
2.676218272744102400e+00
6.478755414676339308e-01
-1.220066600752916841e+00
4.336473475932701049e+00
6.496864649651570289e-01
-5.683141505877439492e+00
3.559340317347071125e-01
-2.865252396498852328e+00
5.349921897659721814e-01
-1.637741566888344380e+00
-1.476313504710501157e+00
3.619575889870467744e-01
-2.037409644267744735e-01
4.523957334549741915e+00
-1.367448142579396064e+00
-1.148776799811063620e+00
-2.819744980512089438e-01
-3.132014169456702746e-01
8.203546228375524496e-01
1.744150478812342087e+00
-1.318602666174351512e+00
-1.825608974465418921e+00
1.728796128346978600e+00
9.617523692306961802e-01
3.250760914342043950e+00
-2.243786779859387792e+00
-1.947121182021707142e+00
-1.565238209974713968e+00
-4.346350935862926868e+00
3.325864384379905170e-01
-8.488000816403222792e-01
-2.421664899981347929e+00
-4.092824176878639975e+00
1.465651886445230367e+00
-1.158431339667236548e+00
1.531239288515312769e+00
2.225338719850766811e+00
-2.394005093808742490e+00
3.748538645227838195e+00
1.213040406845061758e+00
-5.698239652828651636e-01
-2.939990931110506800e+00
-3.273082443478165793e+00
2.945157463328331282e+00
-8.624320816333118644e-01
3.661567978875853724e-01
2.450618676451719047e+00
-4.616979248039438932e-01
-3.815321859819053585e-01
-1.464853528225754875e+00
-4.581726560036215368e+00
1.830858210112892070e+00
-8.648346812826551711e-01
2.298815067285592484e+00
-6.921951511826891501e-01
2.823531872428615142e+00
1.637347320741029622e+00
-1.089707164974746290e+00
-5.225758777119212439e+00
-8.487987421101740315e-01
-1.408344703395913555e+00
-9.258687673096264170e-01
-6.471382005960718553e-01
2.470823880171201914e+00
-2.380478718870579158e+00
-5.247581617221296346e-01
-7.808554593424442691e-01
-1.326426623732086307e+00
1.027836045792524189e+00
3.893607364534535376e-01
-8.059685308817876592e-01
-1.890847694930664957e+00
1.802892717744273288e+00
1.500768753429590152e+00
-1.701877745010018650e+00
-2.599112697150876450e+00
-4.182241033385231788e+00
3.733079437010746293e+00
-6.444261801000770173e-01
2.121042259169031663e+00
-8.990726760291920527e-01
8.798911596153162762e-01
1.000820631112111947e+00
-2.028053208621394821e-01
-2.543192343017594559e-01
4.198330388442998995e+00
-8.320047395158948200e-01
-4.698832467792322554e+00
1.092754426309017646e+00
1.108851522284024949e+00
-9.914309367667389905e-01
-2.117489795018760113e+00
4.053761368014682231e-01
-1.126033209571454474e+00
-1.894100313386560597e+00
1.320264946125725425e-01
3.059404616770822760e-01
-1.412448230197898225e+00
-1.362004110848279437e-01
7.900365254076269217e-01
-2.181590180632429377e+00
-2.171478889809812518e+00
-4.732697853741305138e+00
-3.725432467028447214e-02
9.093866068353778642e-01
6.314109399252905153e-01
-2.976585494148891176e-01
-5.239687645470993971e+00
-3.294065112898918901e+00
-3.061100798462374151e+00
2.945540941344041208e+00
1.613091609571006835e+00
1.435514003268877570e+00
-1.363104100203930802e+00
-1.503374284948722162e+00
-1.307324438679081657e+00
-1.813414314497329982e-01
-5.269746221803025543e-01
-6.724731781270114617e-01
-1.880500477134364967e+00
1.673382669324920080e+00
2.824987494565917578e-01
1.172503745506438877e+00
3.521874410422456969e-01
1.944320638354188613e-01
7.137930530089668935e-01
-1.313250421728665351e+00
1.259160624514149562e+00
-1.436054713052603349e+00
1.262786550492784432e+00
-2.169464671737268091e+00
3.238378301302932694e-01
-1.449398352961456915e+00
-2.533330174754220288e+00
1.844221526772200637e+00
3.913362341255415711e+00
2.698734424307432267e+00
7.669621097642646823e-02
2.588484857428789976e+00
2.901899168590450273e+00
8.476896297575613470e-01
1.564082867197476245e+00
-4.931247243799617763e+00
-6.479213630519118361e-01
-1.553248458250475750e+00
-4.578428396346966522e+00
-3.637852543653796178e-01
6.098283713372797399e-01
3.866645402239687890e+00
3.888891946921780307e-01
4.061955471323021705e+00
2.713120818170425164e+00
1.210949930601020047e-01
1.707558840391166788e+00
-1.028258241702593834e+00
-1.971914045995001308e+00
-1.622818336986697974e+00
1.313009870132236245e-01
2.208020287454144803e+00
-2.238844358054022265e+00
-6.579813295190171107e-01
-8.285756319395851666e-01
1.665206132440638642e+00
-2.104755396478585894e-01
3.396879034304017608e+00
3.981584108512081221e-01
-9.799821333637502851e-01
2.500750089035798318e+00
4.733261185548845451e-01
2.933712559777761353e+00
3.076448551244888030e+00
7.212176696722122360e-01
-1.065836650735838997e+00
-1.469674957651300184e+00
-2.909345499206088981e+00
-5.596910415147635653e-01
1.248391407097832806e+00
-1.069026640272245476e+00
-3.244456405732336179e+00
-3.094414251642562785e+00
1.795248775205072755e+00
1.709259287501303737e+00
3.608851936744034705e-01
8.763336355872803907e-01
1.280327463435192659e+00
-2.922259934153678351e+00
1.976275682451439364e+00
4.163798685177944603e-01
-2.477280050953480028e+00
-5.579662835713211644e-01
1.178622780581134455e+00
-3.171774722989264994e+00
3.150345962171605674e+00
-1.732554545941162871e+00
3.516189031645760465e+00
2.267248178891579702e+00
1.485312656997155090e+00
-4.113839993919317095e-01
-2.475808333542516837e-01
2.345806371716043337e+00
-1.278794129571642291e+00
-5.838416577006694475e+00
-9.420076983985860020e-01
-6.943410629569481962e-01
1.563189792338029349e+00
2.729529988659649131e+00
-2.515669421535058348e+00
4.372398686096321541e-01
-5.923617108434287015e-01
2.046901382043050610e+00
-2.638118780935476693e+00
-5.279196994428812850e+00
2.266192301618385585e+00
3.737914911976074173e+00
4.394194497926953713e-01
3.044015942780105011e-01
-1.319902209535211979e-01
-4.916447884379500977e+00
2.985579175752886005e-01
-7.284544359262956625e-01
6.406792645457268787e-01
-2.914506019642906232e+00
2.130955313635348958e+00
-2.394892968086851148e+00
-1.276825849265952328e+00
-9.555317540862690029e-01
-4.054462563770460104e-01
-2.680653084735448832e+00
2.904180068640896728e+00
1.401389946152278299e+00
-2.253782583071113788e+00
5.199159609695205297e-01
2.099568265993738692e-01
-1.369490559860983891e+00
3.655846582809111345e-01
-4.454216458706108384e-01
-1.882751027521132048e-01
3.124249649095327097e+00
-4.108179350147558750e+00
-4.054239346183336479e-01
2.392012722333455521e+00
-2.964869228320178074e+00
-1.129411520103973610e+00
1.317230931919576520e+00
-3.033710417642392354e+00
-1.025729129920782551e-01
-1.443800897804369487e+00
-3.477328971985013339e+00
9.934726091325684072e-01
1.769443747635969233e+00
-1.200567099065202203e+00
-2.407861342997653864e+00
-7.828029284052749892e-01
3.268756281314877388e+00
-1.174551086159021818e+00
1.262017407896516508e+00
3.008774884868214983e+00
-1.133997534629188175e+00
1.349823806664135484e+00
-2.954803638005862432e+00
1.945707084772271833e-01
5.600055601173037356e-01
-1.676671866235328601e+00
-4.572954407194794513e+00
2.047161152159375774e+00
-6.815537794388026871e-01
-4.389152540645213652e-01
1.349596976922618208e-01
-1.921185666422019711e+00
-9.297781959233231142e-01
-4.202438824738098155e+00
2.776914318540796955e+00
1.642313431095130838e+00
-4.088137778719967308e+00
2.102433057663053884e+00
7.452053286175150948e-01
-4.094097081143125649e+00
-1.603343357602889041e+00
2.164844515854909446e+00
1.753697402504675207e+00
4.346005307336124446e+00
1.740530376753578468e+00
-7.119600088401173421e-01
1.937966826697102629e+00
-1.966727974762001896e+00
2.938442786327246203e+00
-3.040833711307848811e-02
-2.190678131065260104e+00
4.807107423309905925e-01
-2.341681385817875882e-01
7.386478203841867485e-01
-6.549430247873358368e+00
1.566136756447948475e+00
-8.842868964337275983e-01
2.752304377932668800e+00
-3.100133693327258300e+00
1.064738476353644270e+00
-5.266837889864176780e+00
2.714634592429566950e+00
2.314715687092112173e+00
1.153025630096227161e+00
4.765039657066995282e+00
3.165700065039876332e+00
2.895628365929376891e+00
1.752831984459939818e+00
-3.785082347760682087e+00
-5.257514097156411603e-01
2.312165271162207159e+00
-9.494327364985500894e-01
5.658958713732436863e+00
2.122467547139128996e+00
-4.291725070866629466e+00
-9.325678957378001899e-01
6.594109731322167489e-02
-2.539057007832831836e+00
-3.399080274846130401e+00
1.862601795142724725e+00
7.183094920534696115e-01
-2.117672608806555168e+00
2.651355276743434519e-01
-7.027040407443818637e+00
-3.272120668465586135e+00
1.117343365355653262e+00
-1.265059355746754211e+00
-1.888399781491670204e+00
1.368984818610759380e+00
3.975550635681352585e+00
1.822661417076599122e+00
4.640258875826600571e-01
-4.041271251018979882e+00
-9.580438434175148066e-01
-2.156988606030379341e+00
-8.663099890481561260e+00
8.297301536058545590e-01
1.995522293612121079e+00
